deviations <-
structure(list(place = c(77.6348587439877, 108.764913446943, 
53.310387572415, 56.4427792877638, 48.1154645173124, 66.7454646358931, 
43.1341753450542, 132.35473401064, 43.2450929730755, 59.0770676141998, 
84.6799673275832, 78.494004387396, 53.6434248501529, 40.956996875792, 
71.7502498461288, 47.3783226502283, 72.4265835761212, 76.148623009636, 
44.1765855369945, 49.3296410537984, 94.7997114491016, 44.6567655240903, 
66.1236756389706, 42.6645600791795, 38.1774441742748, 72.6209199551614, 
73.0597736586649, 71.0422529983988, 58.5169572067121, 61.9533216616888, 
75.1480133344454, 75.0530478843085, 77.0073380664885, 92.3522548990533, 
92.3732316970502, 94.0681240613514, 72.1114218936858, 66.2274028307525, 
104.888260764419, 65.3437514183371, 65.3883669087183, 42.4797312378955, 
126.30013165614, 43.8853891792435, 61.273279805415, 54.0809750039986, 
95.1001906699079, 70.3823753688892, 109.471917861918, 79.9662874320971
), year = c(70.9884930706407, 93.2069471087332, 27.8756921235593, 
55.3253796868155, 34.3554385672487, 57.749971162554, 35.8592414233098, 
110.53962850558, 35.5397559479444, 44.7872236927766, 78.083588986343, 
49.7904790103426, 46.2687588719229, 38.7256647140621, 71.5522532195158, 
38.4675044563893, 65.0931374310195, 64.427935386508, 36.8019460743763, 
36.6839314566286, 79.8372960924759, 34.0029385700886, 37.6496117485854, 
27.1231728139936, 31.6415114124919, 38.6021623956622, 86.2861471653869, 
83.7841360703323, 58.1174482595712, 67.6365318778646, 71.4545722859503, 
57.4209440323422, 56.5822987880409, 61.0551924598192, 97.8297247521881, 
73.8658322599007, 72.9989583689467, 25.5014224129958, 67.0837637557187, 
50.7756258624368, 45.7097808709358, 21.5250931368296, 98.6663559527478, 
28.0991029429888, 48.4664712322486, 29.3633832671919, 70.7783672534524, 
70.5943629673962, 85.9471873049353, 60.8330915401025), typist = c(58.5589535217265, 
91.2567425113251, 48.2063162023442, 43.3359992673847, 42.3053259863966, 
45.6090177983455, 40.3202565509175, 104.677975712521, 26.4841352200471, 
34.5825411539029, 77.2419945431234, 52.1065385284679, 39.8905133135477, 
29.3945019552954, 55.4136338569653, 44.6269407145624, 47.4432750831098, 
44.6390471923804, 33.8998382225627, 28.6727596098049, 67.1601066763554, 
37.3731301454108, 48.8770044589434, 29.7924095719022, 27.7013676984175, 
40.0421176772017, 63.9202017773623, 73.6657689091998, 43.6251805197494, 
50.6647013711198, 55.089749922203, 52.2407990534225, 40.7579317252524, 
62.7317192063683, 76.1895661653169, 65.7093109159376, 58.0549693263264, 
53.3595501636602, 71.5466828937757, 41.3645982357913, 48.5509770517658, 
32.6078624336212, 92.2824716832514, 35.5930631807532, 40.2739474240158, 
40.7585237600995, 59.3101960790088, 63.584523473946, 51.3646824191408, 
64.9607840760628), doc = c(51.7702192265686, 86.4160926761943, 
44.1007153657086, 47.452301982045, 44.6518214295526, 55.3293627286584, 
36.4889906148274, 90.2016852239786, 28.4022103785345, 36.8686714195417, 
58.0980290791231, 47.0772022065009, 46.4058537676886, 27.2160479319707, 
50.2279207109035, 28.5893122823277, 59.8059456736753, 54.360717148216, 
38.4582023759214, 27.1023881048788, 59.2088222738819, 41.0193176744909, 
48.7864960630871, 31.2829004203386, 26.7255426515795, 41.3233953228466, 
50.6584511453625, 71.8182050210418, 38.5997135749838, 54.3362327552062, 
55.9811831990693, 46.7839850773906, 50.0132097345592, 58.4618184407877, 
75.5883831545927, 59.0392077804394, 57.9065188271263, 63.1473847231393, 
62.8442042832695, 53.1274751211746, 51.3581546442736, 42.3547192467127, 
89.0678937546936, 35.7524259157538, 40.1161381339819, 47.1871872459607, 
55.2570929401952, 63.4284124590152, 56.3127511173788, 67.6556079411862
), artist = c(71.5138596137374, 105.555392034987, 57.7671881489387, 
52.6235753080625, 51.133729751967, 60.5535957738215, 42.7139492358269, 
120.733639088564, 41.6794293414843, 58.8036488334063, 73.5080932774412, 
72.4094075913188, 60.985817094373, 39.5083342701654, 59.9774724368575, 
51.8994944425238, 73.8586341274841, 72.6920104415387, 49.3343311541698, 
52.0732817461564, 89.4734570934774, 47.3042083306925, 77.8557181693408, 
46.4032873574559, 45.1989105703057, 75.8030616081198, 67.2946685972996, 
84.3588177222896, 52.266300602672, 61.3744152924536, 69.6257479645939, 
88.9251385104962, 89.6683159791814, 91.6299982413801, 93.6050231871919, 
79.5144839654663, 72.7580182649881, 71.3626296171929, 88.6112605553541, 
68.8448802082932, 68.3942392070495, 48.1090266388708, 113.78707965196, 
45.9514307514858, 58.6903031667002, 59.2066989149818, 78.7027241372114, 
86.6445906041604, 96.5574008302964, 82.0540211669658)), .Names = c("place", 
"year", "typist", "doc", "artist"))
